-0.000369
-0.000369
-0.000369
-0.000369
-0.000369
0.004800
0.763852
-0.394576
-0.149425
0.267264
-0.327717
0.187329
-0.135233
0.176413
0.064088
-0.425115
-0.053246
0.136042
0.006970
0.481746
-0.047837
0.138246
-0.400560
0.297659
-0.132598
-0.487924
-0.138422
-0.104642
-0.184132
-0.045220
-0.077998
0.074022
-0.138567
0.218186
-0.145285
-0.239708
-0.139205
0.045959
0.289041
0.207238
0.167090
0.095484
0.002512
0.061330
-0.230465
0.210659
-0.410281
-0.091945
-0.267698
0.106186
-0.007666
0.288264
0.293864
0.107891
0.364726
0.164525
-0.075315
-0.206303
0.003595
0.130508
-0.127835
-0.057453
-0.003924
-0.013069
-0.055422
-0.105149
-0.102341
0.103281
0.030978
-0.108801
0.227735
0.096940
0.049371
-0.025505
-0.110899
0.086383
0.115017
0.045601
-0.105280
0.023291
-0.194398
0.018050
-0.055689
0.091900
0.026685
-0.055790
-0.044047
-0.153246
0.045577
-0.083659
-0.082155
-0.003001
-0.025396
0.019735
-0.030910
0.081743
0.020872
-0.073091
0.157455
-0.010797
0.008342
-0.040421
-0.012464
0.032734
-0.061413
0.016173
-0.006260
0.083353
-0.032580
-0.020191
-0.045899
-0.008546
0.015154
-0.034228
-0.019877
-0.000878
-0.063478
0.024695
0.004743
0.019578
0.035657
0.018607
0.047810
0.035368
0.029153
-0.020354
-0.028902
0.000124
0.012519
0.016204
0.015283
-0.033901
-0.012500
0.015985
0.006916
-0.010551
-0.016804
0.009077
0.046242
0.006836
0.026782
-0.011796
0.014927
-0.018333
-0.041037
0.014154
0.012665
0.020520
0.030969
0.020682
-0.003322
0.003292
-0.011960
0.018290
-0.017531
-0.008488
-0.004090
0.039173
-0.017556
-0.036364
-0.005380
0.028617
0.021549
0.017672
0.006393
-0.011699
0.021171
-0.006015
-0.002805
0.002950
-0.001129
0.018171
0.001131
-0.007779
-0.000156
0.006786
-0.007138
-0.006144
-0.002069
0.008572
0.005085
0.006779
-0.002621
-0.010504
-0.004197
-0.000889
-0.016285
-0.010786
-0.015958
0.016508
-0.005608
0.010391
-0.003408
-0.003440
0.000318
0.003331
-0.007417
0.004992
0.002394
-0.012660
-0.001807
-0.001453
-0.010540
0.012178
0.008286
0.003346
0.014198
-0.010640
-0.000831
0.003508
-0.001924
-0.011977
-0.000218
0.000923
-0.003451
0.005785
0.005764
0.000719
-0.000423
0.000273
-0.003541
-0.009181
-0.007744
0.005005
0.003625
-0.002327
0.002398
-0.006972
0.007331
0.000216
0.001121
0.000335
-0.001581
-0.002318
-0.003953
0.000919
-0.005151
0.000887
0.002304
-0.003200
-0.000341
0.005453
-0.000150
-0.002271
-0.010082
0.003138
-0.000808
0.000869
-0.000885
-0.001989
-0.000281
-0.002051
0.006265
-0.000575
0.000247
0.003256
