-0.010488
-0.010488
-0.010488
-0.010488
-0.010488
-0.010488
-0.010488
-0.010488
-0.010488
-0.010488
-0.010488
-0.010488
-0.010488
-0.010488
-0.010488
-0.010488
-0.010488
-0.010488
-0.010488
-0.010488
0.653842
0.133501
0.397353
0.230935
-0.199256
-0.136692
0.098476
-0.079168
0.120557
0.036490
0.246467
0.311154
-0.243127
-0.035904
-0.453291
-0.259117
0.107662
-0.278494
0.395542
-0.127164
0.095654
0.071959
-0.047987
0.288391
0.037810
0.115107
0.435183
0.035316
0.053640
-0.040702
0.123860
0.225401
-0.108411
0.040493
0.202158
-0.163691
0.041321
0.128689
-0.095584
-0.122330
0.064610
0.116492
-0.146771
-0.215341
-0.043044
-0.220136
0.010369
0.091429
-0.072745
0.116197
0.038583
-0.033921
-0.080181
0.055576
-0.016909
-0.097136
-0.036797
-0.001954
0.188207
0.027196
0.068712
0.033825
-0.045037
0.038284
-0.025316
-0.020161
-0.108949
0.030477
0.144671
-0.005391
0.113039
-0.053837
0.042043
0.000565
-0.079128
-0.061620
0.078897
0.002253
-0.040612
-0.006643
-0.066395
0.059641
-0.029836
-0.017283
-0.006201
-0.056057
-0.007470
0.023243
-0.018419
-0.019423
-0.072692
-0.010330
0.082531
0.012183
-0.007313
-0.065574
-0.007393
-0.017721
-0.063207
-0.026452
-0.038704
-0.023202
-0.060575
-0.086640
0.007514
-0.047639
-0.027453
-0.050797
0.035277
-0.064997
0.042080
-0.087757
-0.017689
0.008495
0.022042
-0.002110
-0.022892
-0.000973
-0.048401
0.021528
0.033394
0.006413
-0.010221
0.004427
-0.014598
0.004974
0.003001
0.040953
0.040982
-0.004211
-0.010110
-0.003941
-0.009285
0.030601
-0.027336
0.002686
-0.028236
-0.013708
-0.024088
-0.029619
-0.016860
-0.019932
-0.051225
-0.013233
-0.016087
-0.015834
0.034572
-0.034763
-0.008473
-0.019046
-0.039225
-0.007180
0.001773
-0.001477
-0.033505
-0.013533
-0.025231
-0.015031
-0.011011
-0.025872
-0.020932
-0.006208
-0.012098
-0.010808
-0.003637
0.009337
0.007418
-0.013240
-0.011491
-0.028157
-0.005153
-0.008252
-0.005570
-0.015470
-0.017318
-0.027021
0.010295
-0.009182
-0.004100
-0.009410
-0.006857
0.001691
-0.003387
-0.017992
0.000736
-0.014682
-0.016315
-0.010363
0.006006
-0.006757
-0.010801
-0.009450
-0.016964
-0.011544
-0.018421
-0.015715
-0.010101
-0.011700
-0.021083
-0.008858
-0.014933
-0.009880
-0.005909
-0.009216
-0.011040
-0.014381
-0.011966
-0.009731
-0.010358
-0.012425
-0.008681
-0.012186
-0.003688
-0.011451
-0.013615
-0.006031
-0.015976
-0.006150
-0.008987
-0.012841
-0.006034
-0.016868
-0.015690
-0.009754
-0.015422
-0.014266
-0.015842
-0.010778
-0.006530
-0.010888
-0.009550
-0.013054
-0.009987
-0.011040
-0.012584
-0.008647
